7.2009,24.757,272.62
3.0158,18.33,505.8
6.6134,7.0898,93.196
6.8343,37.86,319.3
2.5177,17.592,215.19
8.666,37.031,141.85
9.3071,33.244,150.01
7.1015,11.571,230.98
5.5345,22.56,274.83
6.8569,55.442,173.42
7.002,27.617,210.82
5.2658,27.094,295.57
7.898,63.372,462.67
3.1212,42.639,378.23
9.1866,41.382,368.36
4.7443,37.925,211.57
5.6133,62.433,330.61
6.1418,16.006,221.84
6.5279,31.905,158.74
6.1944,16.181,21.667
3.6451,43.015,415.43
7.4426,22.091,75.619
9.904,40.824,656.36
8.1626,12.552,156.63
10.092,28.615,142.43
8.7978,66.291,190.36
6.4897,22.157,163.46
3.9724,16.357,84.169
4.29,20.069,387.32
8.9552,11.82,566.35
